213130128000128000000136
213130128000128000000136
213130128000128000000136
213130128000128000000136
213130128000128000000136
213130128000128000000136
213130128000128000000136
213130128000128000000136
213130128000128000000136
213130128000128000000136
213130128000128000000136
213130128000128000000136
213130128000128000000136
213130128000128000000136
213130128000128000000136
213130128000128000000136
213130128000128000000136
213130128000128000000136
213130128000128000000136
213130128000128000000136

213130128000127000000136
213130128000127000000136
213130128000127000000136
213130128000127000000136
213130128000127000000136
213130128000127000000136
213130128000127000000136
213130128000127000000136
213130128000127000000136
213130128000127000000136
213130128000127000000136
213130128000127000000136
213130128000127000000136
213130128000127000000136
213130128000127000000136
213130128000127000000136
213130128000127000000136
213130128000127000000136
213130128000127000000136
213130128000127000000136