x
213136128000000000000136
213136128000000000000136
213136128000000000000136
213136128000000000000136

nuetral
213128128000000000000136
213128128000000000000136
213128128000000000000136
213128128000000000000136
213128128000000000000136
213128128000000000000136
213128128000000000000136
213128128000000000000136
213128128000000000000136
213128128000000000000136
213128128000000000000136
213128128000000000000136
213128128000000000000136
213128128000000000000136
213128128000000000000136
213128128000000000000136

a
213132128000000000000136
213132128000000000000136
213132128000000000000136
213132128000000000000136

nuetral
213128128000000000000136
213128128000000000000136
213128128000000000000136
213128128000000000000136
213128128000000000000136
213128128000000000000136
213128128000000000000136
213128128000000000000136
213128128000000000000136
213128128000000000000136
213128128000000000000136
213128128000000000000136

a
213132128000000000000136
213132128000000000000136
213132128000000000000136
213132128000000000000136

nuetral
213128128000000000000136
213128128000000000000136
213128128000000000000136
213128128000000000000136

down
213128128000127000000136
213128128000127000000136
213128128000127000000136
213128128000127000000136

nuetral
213128128000000000000136
213128128000000000000136
213128128000000000000136
213128128000000000000136

down
213128128000127000000136
213128128000127000000136
213128128000127000000136
213128128000127000000136

nuetral
213128128000000000000136
213128128000000000000136
213128128000000000000136
213128128000000000000136

down
213128128000127000000136
213128128000127000000136
213128128000127000000136
213128128000127000000136

nuetral
213128128000000000000136
213128128000000000000136
213128128000000000000136
213128128000000000000136

down
213128128000127000000136
213128128000127000000136
213128128000127000000136
213128128000127000000136

nuetral
213128128000000000000136
213128128000000000000136
213128128000000000000136
213128128000000000000136

a
213132128000000000000136
213132128000000000000136
213132128000000000000136
213132128000000000000136

nuetral
213128128000000000000136
213128128000000000000136
213128128000000000000136
213128128000000000000136

a
213132128000000000000136
213132128000000000000136
213132128000000000000136
213132128000000000000136

nuetral
213128128000000000000136
213128128000000000000136
213128128000000000000136
213128128000000000000136

x
213136128000000000000136
213136128000000000000136
213136128000000000000136
213136128000000000000136

nuetral
213128128000000000000136
213128128000000000000136
213128128000000000000136
213128128000000000000136
213128128000000000000136
213128128000000000000136
213128128000000000000136
213128128000000000000136
213128128000000000000136
213128128000000000000136
213128128000000000000136
213128128000000000000136
213128128000000000000136
213128128000000000000136
213128128000000000000136
213128128000000000000136
213128128000000000000136
213128128000000000000136
213128128000000000000136
213128128000000000000136
213128128000000000000136
213128128000000000000136
213128128000000000000136
213128128000000000000136
